+-----------------------------------------------------------------------------------------------+
| Time of Event | Memory Used |       Partitions State | Total Free Memory | Usable Free Memory |
+-----------------------------------------------------------------------------------------------+
|             0 |           0 | -1, -1, -1, -1, -1, -1 |               100 |                100 |
|             0 |           8 |  -1, -1, -1, -1, 1, -1 |                92 |                 92 |
|             1 |          18 |   -1, -1, -1, 2, 1, -1 |                82 |                 82 |
|             2 |          30 |    -1, -1, 3, 2, 1, -1 |                70 |                 67 |
|             3 |          44 |     -1, 4, 3, 2, 1, -1 |                56 |                 42 |
|             4 |          62 |      5, 4, 3, 2, 1, -1 |                38 |                  2 |
|          1207 |          48 |     5, -1, 3, 2, 1, -1 |                52 |                 27 |
|          1352 |          36 |    5, -1, -1, 2, 1, -1 |                64 |                 42 |
|          1900 |          26 |   5, -1, -1, -1, 1, -1 |                74 |                 52 |
|          2000 |           8 |  -1, -1, -1, -1, 1, -1 |                92 |                 92 |
|          2140 |           0 | -1, -1, -1, -1, -1, -1 |               100 |                100 |
+-----------------------------------------------------------------------------------------------+
